a=5^2; 
b=5+3/(5*6);
c=sqrt(4+6^3);
d=9*6/12+7*5^(3+2);
e=1+5*3/6^2+2^(2-4)/5.5;